0.73734
0.73302
0.7339399999999999
0.74436
0.7455
0.7477699999999999
0.75136
0.75048
0.75575
0.7628699999999999
0.76266
0.76461
0.77051
0.76671
0.7571899999999999
0.75927
0.76041
0.76066
0.76237
0.76134
0.7602899999999999
0.75775
0.75788
0.76548
0.76941
0.77254
0.7800699999999999
0.77593
0.784
0.7770199999999999
0.77253
0.7742899999999999
0.7790199999999999
0.77468
0.77659
0.78059
0.78164
0.78951
0.79076
0.7880199999999999
0.7859999999999999
0.7788
0.7739
0.7729699999999999
0.7742899999999999
0.77342
0.77442
0.77351
0.77668
0.77628
0.77512
0.78337
0.78598
0.7854399999999999
0.77956
0.78174
0.78593
0.78983
0.79037
0.79001
0.78659
0.78465
0.7858
0.79115
0.7985899999999999
0.7984899999999999
0.79983
0.80665
0.8081699999999999
0.80782
0.80167
0.7991199999999999
0.7943100000000001
0.79614
0.7954899999999999
0.79638
0.7902
0.78969
0.78798
0.78355
0.7780199999999999
0.7750100000000001
0.77635
0.7782
0.7801899999999999
0.78489
0.78982
0.79259
0.78865
0.78879
0.79025
0.78827
0.79009
0.78768
0.7873100000000001
0.7876
0.78223
0.77499
0.76705
0.77042
0.77408
0.76485
0.7592800000000001
0.76069
0.76234
0.7610899999999999
0.76271
0.7734300000000001
0.77486
0.77427
0.78704
0.78063
0.78205
0.78385
0.78452
0.79346
0.7942100000000001
0.7923600000000001
0.79277
0.78846
0.7744300000000001
0.76828
0.76825
0.7662399999999999
0.80795
0.83249
0.83016
0.8265
0.8283799999999999
0.83662
0.83821
0.8493799999999999
0.85625
0.85505
0.85329
0.85245
0.84355
0.83455
0.83549
0.8328899999999999
0.8347700000000001
0.83896
0.83604
0.83388
0.8372299999999999
0.8361700000000001
0.83811
0.83767
0.8418700000000001
0.84257
0.8460200000000001
0.84491
0.8392200000000001
0.84551
0.84788
0.8493700000000001
0.8538899999999999
0.85539
0.85959
0.8609
0.866795
0.8681
0.86544
0.8621700000000001
0.86319
0.86266
0.85945
0.8517
0.85515
0.8544
0.8538899999999999
0.85219
0.84949
0.84319
0.84252
0.83796
0.8370700000000001
0.84078
0.84609
0.84616
0.84491
0.8494799999999999
0.8505
0.849725
0.8520200000000001
0.85621
0.86008
0.8587
0.8582700000000001
0.86482
0.86825
0.8647600000000001
0.86162
0.8630399999999999
0.86415
0.87266
0.87516
0.8806
0.8827
0.89823
0.90091
0.90374
0.90101
0.90405
0.90193
0.90271
0.8962700000000001
0.89333
0.89323
0.89075
0.89031
0.8906200000000001
0.8942200000000001
0.8933399999999999
0.8989299999999999
0.8996299999999999
0.90153
0.90288
0.8918299999999999
0.8889799999999999
0.89044
0.8903200000000001
0.8919799999999999
0.87676
0.8624799999999999
0.8600200000000001
0.8634
0.8598600000000001
0.85969
0.85556
0.85793
0.8533700000000001
0.85409
0.8477399999999999
0.85046
0.85277
0.8512299999999999
0.8517899999999999
