0.7364
0.7369399999999999
0.73807
0.73841
0.73841
0.73907
0.73912
0.73934
0.74021
0.73938
0.7379899999999999
0.73797
0.73853
0.7365
0.73653
0.7358
0.73536
0.73573
0.7357199999999999
0.73577
0.73592
0.7358399999999999
0.7358399999999999
0.73582
0.73575
0.73575
0.73541
0.7349899999999999
0.73526
0.73577
0.73575
0.7346699999999999
0.73502
0.73387
0.7339899999999999
0.73329
0.73295
0.73233
0.73192
0.7320399999999999
0.73209
0.7326199999999999
0.73248
0.73221
0.7327
0.7326699999999999
0.7326
0.73268
0.73234
0.7335
0.7338899999999999
0.73319
0.73292
0.73302
0.73321
0.73258
0.73333
0.73285
0.73258
0.73302
0.7339
0.73397
0.73421
0.7356699999999999
0.73558
0.7358
0.7357199999999999
0.73682
0.73745
0.73731
0.73665
0.73665
0.73668
0.7377
0.73838
0.73968
0.73951
0.73955
0.73953
0.7387
0.73902
0.74348
0.74429
0.74561
0.74634
0.74551
0.74433
0.7439399999999999
0.7447699999999999
0.74558
0.7458199999999999
0.74665
0.7477699999999999
0.74773
0.74707
0.7469899999999999
0.7467699999999999
0.74492
0.7440000000000001
0.74353
0.74348
0.74383
0.7439399999999999
0.74326
0.74448
0.7437699999999999
0.7436
0.7439
0.7449899999999999
0.7430399999999999
0.746
0.7481399999999999
0.75007
0.74968
0.75034
0.75046
0.75146
0.75212
0.75295
0.7532399999999999
0.7520899999999999
0.752
0.75107
0.75131
0.75138
0.7509899999999999
0.74807
0.74731
0.74773
0.74838
0.74785
0.74655
0.7457
0.74687
0.74836
0.74778
0.7481399999999999
0.74795
0.74634
0.7467
0.74643
0.7467
0.74639
0.7461399999999999
0.74731
0.74812
0.74843
0.74895
0.74953
0.74956
0.74939
0.74912
0.75026
0.75166
0.75238
0.75163
0.75273
0.7537
0.7529399999999999
0.75129
0.75122
0.75263
0.75161
0.75149
0.75156
0.7511899999999999
0.75002
0.74838
0.7477
0.7490000000000001
0.74878
0.74911
0.74963
0.74965
0.74953
0.74783
0.74887
0.75043
0.7507
0.75039
0.75178
0.75263
0.7506
0.75065
0.75138
0.7521899999999999
0.75297
0.75475
0.75443
0.75517
0.75541
0.75649
0.75573
0.7551899999999999
0.75621
0.75563
0.75434
0.75388
0.75507
0.75765
0.75968
0.76015
0.7570899999999999
0.75629
0.75578
0.75446
0.7540399999999999
0.75392
0.7530399999999999
0.75336
0.75368
0.7539
0.75373
0.75305
0.753
0.7541399999999999
0.75446
0.7549899999999999
0.75538
0.75539
0.75595
0.7561399999999999
0.7568699999999999
0.7597
0.75971
0.75993
0.76039
0.7631899999999999
0.7631
0.76346
0.76583
0.76836
0.76727
0.76659
0.76568
0.76505
0.76541
0.76405
0.76393
0.7631
0.7629
0.76293
0.7632899999999999
0.7631
0.7609899999999999
0.76188
0.76251
0.76227
0.76166
0.7629
0.7630899999999999
0.7622399999999999
0.76231
0.76346
0.7639
0.76458
0.7651
0.76515
0.76432
0.7642399999999999
0.76365
0.76376
0.7649199999999999
0.76473
0.7638199999999999
0.7628699999999999
0.76215
0.76051
0.76049
0.75995
0.75968
0.75939
0.7622899999999999
0.76441
0.76693
0.77051
0.76973
0.76981
0.76995
0.77032
0.76968
0.7702899999999999
0.7702899999999999
0.76944
0.77063
0.77166
0.7721399999999999
0.77358
0.77364
0.77398
0.77408
0.7731899999999999
0.77476
0.77298
0.77083
0.77088
0.77051
0.7698
0.76876
0.76785
0.7693399999999999
0.77036
0.77007
0.76983
0.7683399999999999
0.76778
0.76737
0.76671
0.7658
0.76646
0.76627
0.7671
0.76812
0.76827
0.76817
0.77015
0.76915
0.76853
0.76941
0.77085
0.7731399999999999
0.7658699999999999
0.7669
0.76581
0.76368
0.76251
0.7648
0.76588
0.76502
0.76471
0.76437
0.7640899999999999
0.76297
0.76276
0.76241
0.76297
0.76265
0.76202
0.7611899999999999
0.76056
0.76073
0.76002
0.7599199999999999
0.75871
0.75573
0.75446
0.75458
0.7536
0.7551899999999999
0.75649
0.75563
0.75502
0.75573
0.75683
0.75685
0.75673
0.75575
0.75578
0.75575
0.75607
0.7559999999999999
0.75692
0.7591899999999999
0.75915
0.7588699999999999
0.75993
0.75878
0.75936
0.75976
0.7590899999999999
0.7598
0.76041
0.76031
0.7601
0.76122
0.76146
0.76151
0.76153
0.7630899999999999
0.7628
0.76259
0.7621
0.76237
0.76231
0.76366
0.76456
0.7651
0.76343
0.7631
0.76156
0.76017
0.7602399999999999
0.75866
0.75729
0.75666
0.75526
0.75578
0.7556
0.75612
0.7567
0.7570899999999999
0.75739
0.75693
0.7570899999999999
0.75716
0.75761
0.75732
0.75702
0.7570399999999999
0.75821
0.7581899999999999
0.75963
0.76048
0.76026
0.7598
0.75995
0.7608199999999999
0.76312
0.7619
0.76227
0.76271
0.76415
0.7651899999999999
0.76505
0.7650899999999999
0.76515
0.76502
0.7640399999999999
0.7637
0.76465
0.76453
0.7638199999999999
0.76341
0.76266
0.7631899999999999
0.76454
0.76112
0.76297
0.7629199999999999
0.76256
0.76134
0.76061
0.76112
0.7620899999999999
0.7621399999999999
0.7622399999999999
0.76248
0.7621
0.76188
0.76193
0.76151
0.76158
0.7617
0.75995
0.76102
0.75966
0.75746
0.75702
0.75846
0.75931
0.76183
0.7627
0.76366
0.76346
0.76048
0.76158
0.76344
0.7630899999999999
0.76197
0.7608199999999999
0.76054
0.76063
0.76041
0.76049
0.76083
0.76083
0.76034
0.76071
0.76083
0.7601399999999999
0.75902
0.76075
0.76039
0.76134
0.7609999999999999
0.7608699999999999
0.75902
0.75805
0.75775
0.75653
0.75526
0.75451
0.75436
0.75473
0.7550399999999999
0.75532
0.75578
0.7551899999999999
0.75563
0.75717
0.7579199999999999
0.7577
0.75769
0.75903
0.76025
0.75821
0.75778
0.75692
0.7591399999999999
0.7590899999999999
0.7588699999999999
0.75746
0.75761
0.75692
0.75702
0.75739
0.75748
0.7577
0.75797
0.75853
0.75876
0.75822
0.75815
0.75748
0.75758
0.75765
0.75705
0.75827
0.7557
0.75522
0.75421
0.75307
0.75395
0.75434
0.75836
0.7579899999999999
0.75917
0.76034
0.75988
0.76036
0.7607
0.75949
0.7599199999999999
0.7608
0.76021
0.76007
0.76026
0.76049
0.76083
0.76021
0.75995
0.76117
0.76168
0.76227
0.7650899999999999
0.76667
0.7664300000000001
0.7670399999999999
0.76595
0.76712
0.76783
0.76768
0.768
0.7682899999999999
0.76839
0.7681
0.7683399999999999
0.76832
0.76893
0.7683399999999999
0.7682899999999999
0.76866
0.76859
0.76905
0.77015
0.77007
0.77012
0.7698
0.77054
0.76978
0.76991
0.76866
0.76798
0.76927
0.76988
0.76966
0.7689699999999999
0.76871
0.76939
0.76785
0.76802
0.76746
0.76744
0.7671399999999999
0.7668
0.76775
0.76678
0.76751
0.77051
0.77181
0.7718
0.77146
0.77176
0.77285
0.77359
0.77558
0.77471
0.77503
0.7759
0.77617
0.77566
0.77603
0.77598
0.77586
0.77649
0.77742
0.77788
0.77722
0.77727
0.77732
0.77668
0.77441
0.77441
0.7742899999999999
0.77651
0.77863
0.78071
0.78364
0.78173
0.78066
0.7813650000000001
0.7813399999999999
0.7811
0.78076
0.78047
0.7800699999999999
0.7802899999999999
0.78066
0.78115
0.7811
0.7803
0.7804399999999999
0.78052
0.7799
0.7794399999999999
0.77775
0.77746
0.77588
0.7753399999999999
0.7739
0.7739199999999999
0.77571
0.77344
0.77503
0.77578
0.77559
0.7762399999999999
0.7763
0.77727
0.7759999999999999
0.77637
0.7764150000000001
0.77695
0.7762399999999999
0.77637
0.77673
0.77693
0.77754
0.777
0.78335
0.78476
0.78295
0.78366
0.7863399999999999
0.78727
0.7851
0.78346
0.7862
0.7852899999999999
0.78347
0.78378
0.7830699999999999
0.78205
0.7812899999999999
0.78149
0.78183
0.78158
0.7814399999999999
0.78156
0.78083
0.78093
0.78149
0.78056
0.77786
0.77685
0.77544
0.77575
0.77551
0.77627
0.77751
0.77763
0.7769699999999999
0.77615
0.77568
0.77471
0.77563
0.77588
0.77381
0.774
0.7733399999999999
0.77261
0.77236
0.77227
0.77246
0.7719699999999999
0.77227
0.77263
0.77315
0.77355
0.77281
0.77236
0.77215
0.7709
0.7719199999999999
0.7723899999999999
0.77249
0.7722899999999999
0.7721899999999999
0.77278
0.7728550000000001
0.7731
0.7731399999999999
0.77351
0.77342
0.77293
0.77271
0.77317
0.77386
0.7737
0.77044
0.77127
0.7732399999999999
0.77358
0.7738
0.77771
0.77964
0.77888
0.77958
0.7792899999999999
0.77893
0.77959
0.77973
0.77932
0.77885
0.77893
0.77847
0.7790199999999999
0.7789
0.77958
0.7809699999999999
0.78093
0.78171
0.7831899999999999
0.78232
0.77966
0.77676
0.77873
0.7790699999999999
0.77842
0.77988
0.77836
0.77737
0.7783399999999999
0.77951
0.77941
0.77949
0.77837
0.7783
0.77886
0.77905
0.77915
0.7791
0.77873
0.77854
0.77883
0.7803399999999999
0.77937
0.77952
0.77842
0.7774399999999999
0.77363
0.772
0.77161
0.77273
0.7722399999999999
0.77305
0.77451
0.77537
0.77485
0.77476
0.77453
0.77458
0.7749199999999999
0.77575
0.7763
0.7768
0.77663
0.77659
0.7760199999999999
0.77556
0.77681
0.77637
0.77495
0.77522
0.77703
0.7783
0.77727
0.77768
0.77851
0.77641
0.77583
0.77551
0.77542
0.7751
0.7783
0.77776
0.77854
0.7780199999999999
0.77761
0.7778
0.77853
0.78146
0.78071
0.78276
0.78076
0.78168
0.78252
0.7823899999999999
0.78115
0.78005
0.78003
0.77847
0.77847
0.77871
0.77942
0.7793399999999999
0.77912
0.77922
0.77959
0.7804399999999999
0.78127
0.78251
0.78215
0.7819699999999999
0.7820699999999999
0.78241
0.78195
0.77886
0.78017
0.78012
0.77969
0.78015
0.78173
0.78161
0.78237
0.78552
0.78586
0.78517
0.78566
0.78593
0.78571
0.78581
0.78673
0.7861
0.78761
0.7881199999999999
0.78817
0.7882899999999999
0.78771
0.7862899999999999
0.78688
0.7881
0.78913
0.7901
0.78951
0.7892
0.789
0.79046
0.79105
0.79105
0.79193
0.79169
0.79037
0.79042
0.79042
0.7909999999999999
0.79066
0.7909999999999999
0.791385
0.79104
0.79076
0.79133
0.79189
0.79213
0.79032
0.7909
0.79118
0.79137
0.78942
0.7893
0.789
0.79162
0.7912
0.79098
0.79081
0.78985
0.78974
0.78968
0.78935
0.78951
0.7894899999999999
0.7904
0.7902
0.78981
0.79
0.79025
0.79127
0.79056
0.78795
0.78556
0.78605
0.78922
0.789
0.787
0.78695
0.78813
0.78798
0.78779
0.78747
0.78786
0.78879
0.78863
0.78859
0.78854
0.78859
0.78788
0.7881199999999999
0.78863
0.78868
0.78751
0.78693
0.78656
0.78569
0.78598
0.78535
0.7840699999999999
0.78305
0.77995
0.78085
0.78225
0.78195
0.78173
0.78152
0.7814399999999999
0.78152
0.7809999999999999
0.7812899999999999
0.7813399999999999
0.78071
0.78078
0.78093
0.78066
0.7802399999999999
0.7792899999999999
0.7793
0.77688
0.77685
0.7772399999999999
0.77849
0.77903
0.7783
0.77878
0.77771
0.77749
0.7780699999999999
0.77886
0.77908
0.7788
0.7788
0.77905
0.77876
0.7782399999999999
0.7783399999999999
0.77795
0.77751
0.7771899999999999
0.7770199999999999
0.7781
0.77951
0.77905
0.7762
0.77456
0.77395
0.77261
0.7711899999999999
0.7702
0.7717
0.77185
0.77183
0.7720899999999999
0.77178
0.77185
0.77188
0.7720199999999999
0.7722
0.77178
0.77156
0.77149
0.7711
0.7710899999999999
0.77142
0.7723899999999999
0.7730899999999999
0.77278
0.77332
0.7740199999999999
0.77417
0.7737
0.77275
0.77298
0.77383
0.77425
0.77347
0.7729
0.7730199999999999
0.77241
0.77249
0.7728
0.77276
0.77232
0.77266
0.7731399999999999
0.77337
0.77368
0.7731899999999999
0.77336
0.7747
0.77608
0.77663
0.7752
0.77422
0.77493
0.77576
0.77412
0.77341
0.77364
0.77347
0.77351
0.77361
0.77341
0.77364
0.77341
0.7733399999999999
0.77347
0.7739199999999999
0.77344
0.77354
0.77393
0.77441
0.7739
0.77368
0.77417
0.77344
0.7733899999999999
0.7723899999999999
0.77193
0.77176
0.77193
0.77203
0.77193
0.7722
0.77231
0.77256
0.77273
0.77359
0.7733399999999999
0.7729
0.77331
0.77358
0.77366
0.77412
0.7741
0.77395
0.77466
0.77495
0.77615
0.77756
0.77832
0.77653
0.77468
0.77432
0.77417
0.7743899999999999
0.77441
0.77432
0.77437
0.7743899999999999
0.77381
0.77347
0.77358
0.77361
0.77356
0.77375
0.77375
0.77273
0.77122
0.77058
0.77071
0.7713399999999999
0.77146
0.77132
0.77346
0.7743399999999999
0.77483
0.77485
0.7742899999999999
0.77381
0.77376
0.77363
0.77363
0.77337
0.7731899999999999
0.77371
0.7732899999999999
0.77293
0.77307
0.77305
0.7729
0.77163
0.77195
0.7719699999999999
0.77175
0.76849
0.76712
0.77636
0.77898
0.78052
0.78232
0.78359
0.78437
0.7830699999999999
0.78288
0.78242
0.7823399999999999
0.78259
0.78264
0.78163
0.77963
0.7793899999999999
0.77664
0.77561
0.77673
0.77741
0.77681
0.7763899999999999
0.77559
0.77454
0.77551
0.77573
0.77544
0.77555
0.77457
0.77549
0.7757
0.77544
0.7752600000000001
0.7759999999999999
0.77544
0.77559
0.77571
0.77583
0.77617
0.77653
0.77569
0.77475
0.77403
0.77442
0.77405
0.7741899999999999
0.77454
0.7751
0.7752
0.77563
0.77498
0.77505
0.77598
0.77622
0.77608
0.77632
0.7772899999999999
0.77712
0.77776
0.778
0.778
0.77808
0.77858
0.7782399999999999
0.77842
0.78061
0.78241
0.78259
0.78332
0.78393
0.7833899999999999
0.78373
0.78395
0.7841899999999999
0.7851899999999999
0.78495
0.78468
0.78488
0.78473
0.78466
0.78461
0.7850199999999999
0.78542
0.7853899999999999
0.78537
0.7852899999999999
0.7851899999999999
0.78556
0.78661
0.7853399999999999
0.78532
0.78627
0.78617
0.7872
0.78688
0.78581
0.7853399999999999
0.7854899999999999
0.78578
0.78586
0.78718
0.78681
0.78659
0.78668
0.78698
0.78678
0.78571
0.78669
0.78657
0.7873899999999999
0.7880699999999999
0.78881
0.7889
0.7895399999999999
0.7894899999999999
0.78935
0.78857
0.7853899999999999
0.78266
0.78205
0.78171
0.78136
0.78166
0.78158
0.7811899999999999
0.78151
0.7812399999999999
0.78164
0.78176
0.78158
0.78188
0.78215
0.7823899999999999
0.78249
0.78208
0.78164
0.78078
0.78115
0.78105
0.78058
0.7802399999999999
0.77895
0.77886
0.7793399999999999
0.77912
0.7783399999999999
0.77783
0.7783399999999999
0.7782899999999999
0.77886
0.78012
0.78042
0.78066
0.78041
0.78017
0.78073
0.7811899999999999
0.78112
0.78154
0.78125
0.78183
0.7830699999999999
0.78298
0.78281
0.78325
0.78185
0.78168
0.7812399999999999
0.78154
0.78198
0.78215
0.78205
0.7821199999999999
0.78193
0.78173
0.7818
0.78188
0.78254
0.78251
0.7822399999999999
0.7821
0.7822899999999999
0.7843899999999999
0.7842
0.7849
0.78491
0.78756
0.7891
0.78968
0.7893
0.78903
0.78937
0.78935
0.7895399999999999
0.78927
0.7889
0.7891
0.78905
0.78876
0.78881
0.78927
0.7894899999999999
0.7891
0.78963
0.78947
0.7894399999999999
0.7891199999999999
0.78963
0.78964
0.78915
0.78913
0.7911
0.79156
0.79188
0.7921699999999999
0.79276
0.79235
0.7922399999999999
0.79203
0.79195
0.7920699999999999
0.7921
0.7923899999999999
0.79232
0.79215
0.79266
0.79264
0.7922399999999999
0.79273
0.79242
0.79273
0.79332
0.79169
0.78993
0.78983
0.7900699999999999
0.79035
0.78973
0.78937
0.78859
0.7890699999999999
0.7891699999999999
0.78985
0.78966
0.78986
0.78995
0.78978
0.79018
0.79059
0.79032
0.7903
0.7902
0.79018
0.79022
0.79008
0.78952
0.7894399999999999
0.79003
0.78973
0.78973
0.79003
0.78976
0.7901199999999999
0.7902
0.7899
0.78978
0.7894899999999999
0.78985
0.79001
0.78991
0.78998
0.78985
0.78957
0.7893
0.78825
0.7879999999999999
0.78793
0.78805
0.78805
0.78718
0.78589
0.78642
0.78676
0.78671
0.7863899999999999
0.7858
0.78573
0.78554
0.78522
0.7853899999999999
0.78542
0.78573
0.7858
0.78603
0.78627
0.78603
0.78622
0.78652
0.78664
0.78532
0.7842399999999999
0.78541
0.78456
0.78417
0.7844399999999999
0.78463
0.7840600000000001
0.78362
0.78391
0.78415
0.78532
0.78495
0.78471
0.78447
0.78483
0.7849
0.78546
0.7853399999999999
0.78557
0.78566
0.78568
0.78488
0.78403
0.78532
0.78656
0.78576
0.7862
0.78547
0.785
0.78585
0.78683
0.7872
0.78769
0.78805
0.78815
0.7883
0.78815
0.78817
0.7883399999999999
0.7884899999999999
0.78846
0.78883
0.7892
0.78905
0.78915
0.78932
0.79008
0.78957
0.7901
0.79056
0.78963
0.7921699999999999
0.79298
0.79313
0.79176
0.7912
0.79178
0.79195
0.7921699999999999
0.7920699999999999
0.79215
0.79195
0.79201
0.79227
0.79235
0.7931
0.7929999999999999
0.7935300000000001
0.79343
0.79286
0.7934399999999999
0.79411
0.79576
0.7971199999999999
0.79876
0.79902
0.80118
0.80055
0.80096
0.8014100000000001
0.80123
0.8013600000000001
0.8014
0.80081
0.8012100000000001
0.80123
0.80101
0.80052
0.8005
0.8005899999999999
0.80099
0.80094
0.80011
0.79969
0.7986300000000001
0.79761
0.79673
0.7973399999999999
0.79723
0.7972
0.79795
0.7983399999999999
0.7983100000000001
0.7982
0.7986300000000001
0.7983600000000001
0.7983899999999999
0.79842
0.7985300000000001
0.7985899999999999
0.7991199999999999
0.79867
0.79884
0.7991
0.79918
0.7985899999999999
0.79903
0.7992199999999999
0.79905
0.7996800000000001
0.8016800000000001
0.80125
0.80304
0.80447
0.80482
0.80479
0.80477
0.80437
0.80413
0.80381
0.80384
0.80405
0.80394
0.8043399999999999
0.80312
0.80285
0.80285
0.80296
0.80342
0.80338
0.8042199999999999
0.8045
0.80537
0.8072699999999999
0.8085899999999999
0.80955
0.80819
0.80704
0.80704
0.80772
0.80781
0.8074899999999999
0.80711
0.80686
0.80676
0.8066300000000001
0.80676
0.80706
0.8075899999999999
0.80775
0.80774
0.80742
0.80845
0.81058
0.80852
0.80983
0.80933
0.80787
0.8073899999999999
0.80567
0.80648
0.8083100000000001
0.8085
0.80862
0.80889
0.80891
0.80906
0.80911
0.80914
0.80898
0.8087
0.8079999999999999
0.80782
0.8079999999999999
0.80789
0.80776
0.8081
0.80685
0.8062600000000001
0.80825
0.80828
0.80758
0.80643
0.8074100000000001
0.80821
0.80808
0.80806
0.8079999999999999
0.8074100000000001
0.80697
0.80679
0.8071699999999999
0.80813
0.80795
0.80743
0.80753
0.80708
0.8079
0.80778
0.80192
0.80206
0.80019
0.8008
0.8013100000000001
0.80096
0.80176
0.8015
0.80147
0.80128
0.80105
0.80099
0.80118
0.80103
0.8013600000000001
0.8019
0.80129
0.8014600000000001
0.80152
0.80111
0.80092
0.80115
0.80128
0.8011
0.8017
0.79871
0.79701
0.79707
0.79855
0.79823
0.79932
0.79993
0.79913
0.79837
0.79823
0.7985899999999999
0.79804
0.79792
0.79807
0.79813
0.7975899999999999
0.79707
0.79693
0.79689
0.79698
0.79708
0.79728
0.7974100000000001
0.79779
0.7955800000000001
0.79398
0.79375
0.7942600000000001
0.79437
0.79381
0.7935300000000001
0.79388
0.79367
0.7936300000000001
0.79406
0.79387
0.7936300000000001
0.79392
0.79435
0.79462
0.79524
0.79572
0.79627
0.79643
0.7971199999999999
0.79691
0.79696
0.79633
0.7952100000000001
0.7965
0.79619
0.7962100000000001
0.7963100000000001
0.7968
0.7961699999999999
0.79571
0.7957
0.79589
0.79564
0.79564
0.79581
0.79613
0.79633
0.79597
0.79588
0.7958
0.7956300000000001
0.79555
0.79575
0.7956300000000001
0.79525
0.79595
0.79446
0.79455
0.79515
0.79567
0.79609
0.79715
0.79533
0.7943399999999999
0.7943899999999999
0.79423
0.79469
0.79435
0.79692
0.79667
0.79628
0.7964399999999999
0.7964600000000001
0.7965899999999999
0.79735
0.79811
0.79656
0.79673
0.79625
0.7972199999999999
0.79756
0.79647
0.7945800000000001
0.79324
0.79286
0.79283
0.7925
0.7922899999999999
0.7923399999999999
0.79227
0.7923100000000001
0.79202
0.7913600000000001
0.7912
0.7913600000000001
0.7911600000000001
0.7912100000000001
0.7913
0.79101
0.79145
0.7915399999999999
0.7912600000000001
0.78899
0.78895
0.7892399999999999
0.7894
0.78935
0.79003
0.79042
0.79062
0.79001
0.78956
0.78887
0.78897
0.7891
0.7892
0.7895800000000001
0.78976
0.7902899999999999
0.79062
0.7906
0.79101
0.79093
0.79035
0.7904899999999999
0.78979
0.78985
0.79085
0.79081
0.7892600000000001
0.78746
0.78763
0.78778
0.78686
0.78694
0.7870199999999999
0.78798
0.78808
0.78823
0.78832
0.7885300000000001
0.78867
0.78833
0.78788
0.78755
0.78779
0.7873399999999999
0.78746
0.78875
0.78765
0.78661
0.78732
0.78722
0.7887
0.78776
0.7881
0.78868
0.78817
0.7883899999999999
0.78814
0.78799
0.78801
0.78837
0.78832
0.78814
0.78794
0.78773
0.78778
0.78767
0.78715
0.7867
0.78678
0.7860199999999999
0.7862100000000001
0.7847
0.78328
0.78285
0.7814300000000001
0.78083
0.78156
0.78075
0.77981
0.77904
0.7792899999999999
0.77884
0.7763399999999999
0.77788
0.77818
0.77868
0.77895
0.77869
0.77908
0.7781899999999999
0.7805300000000001
0.780205
0.77998
0.77874
0.77715
0.77668
0.77695
0.77784
0.77756
0.77778
0.77785
0.77796
0.77796
0.77785
0.77788
0.77795
0.77785
0.77767
0.77686
0.7771399999999999
0.77753
0.77727
0.7771
0.77728
0.77533
0.77574
0.77499
0.77484
0.77498
0.7747
0.77436
0.77493
0.77494
0.7743
0.77425
0.7743399999999999
0.77466
0.77486
0.77494
0.7750199999999999
0.77498
0.77515
0.77505
0.77549
0.77518
0.7748
0.77533
0.77581
0.77555
0.77667
0.7754
0.77442
0.77461
0.7760100000000001
0.77655
0.7769
0.77783
0.7780100000000001
0.77846
0.7781899999999999
0.77835
0.77847
0.77862
0.77918
0.7790199999999999
0.77885
0.77812
0.7780100000000001
0.7794
0.7792600000000001
0.7790199999999999
0.77885
0.77818
0.77759
0.77845
0.7794
0.77973
0.77851
0.77855
0.7778
0.77632
0.77658
0.77661
0.7764800000000001
0.7774
0.7771600000000001
0.77715
0.7770600000000001
0.7772399999999999
0.7770699999999999
0.77715
0.77732
0.77725
0.7777
0.77757
0.77774
0.7783100000000001
0.77908
0.7802899999999999
0.77991
0.77945
0.78054
0.7813399999999999
0.7822
0.7822600000000001
0.7822399999999999
0.78295
0.78394
0.78342
0.78368
0.78479
0.78479
0.7847
0.78484
0.78479
0.78466
0.7844300000000001
0.7842600000000001
0.7852
0.78568
0.78601
0.78386
0.78273
0.7834899999999999
0.78464
0.78496
0.7852600000000001
0.7852
0.78533
0.78552
0.78579
0.7858
0.78586
0.78588
0.78618
0.7862899999999999
0.78583
0.7853399999999999
0.78563
0.7860699999999999
0.785
0.78537
0.7865800000000001
0.78846
0.7891199999999999
0.78955
0.7903
0.7903899999999999
0.7915
0.7914
0.79143
0.79151
0.79168
0.79151
0.7912899999999999
0.79073
0.79074
0.7905300000000001
0.79069
0.79059
0.79043
0.79042
0.7900699999999999
0.78969
0.78986
0.7903
0.79185
0.79315
0.79305
0.7928
0.7923399999999999
0.7928
0.79267
0.79392
0.79319
0.7931600000000001
0.79313
0.79277
0.79264
0.79219
0.7921699999999999
0.7921
0.7921199999999999
0.79181
0.79123
0.79113
0.7912100000000001
0.7912
0.7910699999999999
0.79146
0.79032
0.78879
0.7904399999999999
0.7900699999999999
0.78805
0.78859
0.78713
0.78671
0.78738
0.78776
0.78755
0.7872899999999999
0.7873399999999999
0.78725
0.7870699999999999
0.78692
0.78699
0.78703
0.78727
0.78751
0.78764
0.7875800000000001
0.78833
0.78895
0.78799
0.78761
0.7875
0.78798
0.789085
0.7903899999999999
0.79002
0.79101
0.79083
0.79019
0.79015
0.79038
0.7902399999999999
0.78964
0.79008
0.7902899999999999
0.79013
0.79042
0.79045
0.79043
0.79225
0.7905300000000001
0.7889
0.7879149999999999
0.78857
0.78986
0.7902399999999999
0.7913399999999999
0.79155
0.7913
0.79115
0.7904399999999999
0.7902399999999999
0.78987
0.7899
0.78981
0.78983
0.78985
0.78992
0.78988
0.78995
0.79003
0.78991
0.78995
0.78935
0.7892600000000001
0.7882600000000001
0.78789
0.78785
0.78774
0.78828
0.78833
0.78772
0.78801
0.78837
0.78773
0.7875800000000001
0.7873100000000001
0.7872
0.78718
0.78701
0.78693
0.78756
0.78818
0.78806
0.78796
0.78774
0.78775
0.78933
0.78957
0.7905
0.78973
0.78962
0.78978
0.79042
0.79089
0.7903899999999999
0.7902399999999999
0.7903100000000001
0.7904100000000001
0.79065
0.79086
0.79069
0.79093
0.7912899999999999
0.79143
0.7911
0.7911699999999999
0.7912
0.79094
0.79113
0.79099
0.7913399999999999
0.79027
0.79009
0.7893100000000001
0.78747
0.78815
0.78576
0.78618
0.78684
0.7872600000000001
0.7875
0.78743
0.78704
0.7872
0.7873
0.78741
0.78743
0.78752
0.7878
0.78801
0.78786
0.78765
0.78775
0.7873600000000001
0.7872399999999999
0.78718
0.78755
0.78728
0.78742
0.78738
0.78735
0.78717
0.7863
0.78608
0.78638
0.78708
0.7872399999999999
0.78706
0.78796
0.78766
0.78728
0.78691
0.78706
0.78752
0.78752
0.78838
0.78809
0.78883
0.78873
0.7879
0.78813
0.7880199999999999
0.78738
0.78671
0.7862899999999999
0.7862100000000001
0.7861600000000001
0.7863899999999999
0.7863
0.78565
0.7854899999999999
0.78322
0.7833600000000001
0.78298
0.78161
0.7813399999999999
0.78141
0.7811899999999999
0.78113
0.78056
0.78187
0.78213
0.78169
0.78196
0.78174
0.78332
0.78461
0.78299
0.78283
0.78284
0.78271
0.78283
0.78225
0.78222
0.7823899999999999
0.7826
0.78288
0.78288
0.78189
0.78194
0.78187
0.78159
0.78154
0.78032
0.78049
0.7820699999999999
0.78132
0.77678
0.77493
0.77269
0.7731399999999999
0.77156
0.77163
0.7715
0.7698
0.7693300000000001
0.76868
0.7682899999999999
0.76855
0.76877
0.76932
0.76981
0.76995
0.76993
0.76978
0.76925
0.76927
0.76913
0.76664
0.76645
0.7659199999999999
0.76593
0.76613
0.76681
0.76805
0.7681600000000001
0.76702
0.76589
0.76599
0.7666
0.7668
0.76684
0.76694
0.7671
0.7674
0.76731
0.76756
0.76765
0.76757
0.76762
0.76753
0.76979
0.7702899999999999
0.7704
0.77015
0.76975
0.7703800000000001
0.77137
0.77163
0.77217
0.77258
0.77265
0.77331
0.77398
0.77389
0.7743899999999999
0.77418
0.7741600000000001
0.77385
0.77365
0.77346
0.7734800000000001
0.77423
0.77098
0.77168
0.77432
0.77444
0.7744
0.77342
0.7733399999999999
0.7741899999999999
0.77433
0.7747
0.77488
0.77444
0.77483
0.77468
0.77463
0.7743399999999999
0.77444
0.7735
0.7733399999999999
0.77361
0.77371
0.77388
0.77403
0.77146
0.76876
0.7669600000000001
0.76576
0.7653
0.76465
0.76403
0.76393
0.76273
0.76198
0.76236
0.76189
0.76147
0.76155
0.76148
0.7619
0.76212
0.7621399999999999
0.76248
0.76285
0.76343
0.76327
0.7631100000000001
0.76288
0.76259
0.76098
0.76202
0.7610600000000001
0.7589
0.75874
0.75852
0.7571899999999999
0.7587
0.7592399999999999
0.75931
0.75873
0.75847
0.75817
0.75875
0.75875
0.75879
0.75958
0.75947
0.75976
0.7599600000000001
0.75993
0.75998
0.75974
0.75846
0.75903
0.7605
0.76064
0.76037
0.76008
0.7622800000000001
0.76199
0.76185
0.76276
0.7629
0.7633
0.76322
0.76303
0.7630399999999999
0.7632
0.76317
0.7633
0.76255
0.7629199999999999
0.76276
0.76267
0.76281
0.76332
0.7625
0.76274
0.76312
0.76263
0.76223
0.76255
0.7624
0.7609199999999999
0.76102
0.76077
0.7609999999999999
0.76079
0.76077
0.76052
0.75984
0.76013
0.75969
0.75956
0.75922
0.75971
0.76008
0.7609
0.7621
0.76283
0.76256
0.76256
0.76174
0.76221
0.762
0.76141
0.76067
0.76094
0.76094
0.76085
0.7609100000000001
0.7610100000000001
0.76131
0.76169
0.76078
0.75898
0.75873
0.75821
0.75865
0.75894
0.75852
0.7609100000000001
0.76266
0.76253
0.76268
0.7630600000000001
0.76173
0.76276
0.76458
0.7651399999999999
0.76754
0.7679699999999999
0.7690600000000001
0.76869
0.7685
0.76842
0.76835
0.76868
0.76894
0.7680100000000001
0.7676
0.76765
0.7677
0.76788
0.76779
0.76967
0.77073
0.77215
0.77213
0.77342
0.7742100000000001
0.77481
0.77444
0.77541
0.7751399999999999
0.7751600000000001
0.77596
0.77644
0.7761399999999999
0.7761
0.77596
0.77596
0.77644
0.77593
0.77693
0.77704
0.77653
0.7759999999999999
0.77575
0.77642
0.77651
0.77594
0.7761399999999999
0.77459
0.77399
0.77398
0.7729199999999999
0.77286
0.7733899999999999
0.77291
0.77287
0.77254
0.77305
0.77335
0.77354
0.77375
0.77384
0.77377
0.774
0.77385
0.77371
0.77403
0.77372
0.77283
0.7730899999999999
0.77258
0.77283
0.77284
0.7761399999999999
0.7769
0.7803800000000001
0.78028
0.78057
0.78037
0.7812600000000001
0.78179
0.78271
0.788075
0.78822
0.7883600000000001
0.78784
0.78798
0.78809
0.78901
0.7882399999999999
0.78652
0.78638
0.78806
0.7872100000000001
0.78782
0.7873399999999999
0.78597
0.7856
0.7858
0.78676
0.7863399999999999
0.78615
0.78585
0.78594
0.78579
0.78557
0.78566
0.78527
0.785025
0.78469
0.7815300000000001
0.7823399999999999
0.78265
0.78271
0.7799
0.7791600000000001
0.77945
0.77833
0.77876
0.7802899999999999
0.78005
0.7793399999999999
0.7796
0.78015
0.78078
0.78101
0.7811
0.78092
0.78101
0.78098
0.7811899999999999
0.78125
0.78164
0.78112
0.7810699999999999
0.7814
0.78122
0.78222
0.78214
0.78198
0.78113
0.78089
0.78095
0.78209
0.7832
0.7831199999999999
0.78354
0.7851899999999999
0.78569
0.78555
0.7855300000000001
0.78527
0.78556
0.78525
0.7856
0.78593
0.78688
0.78667
0.78661
0.78582
0.7850699999999999
0.78705
0.78576
0.7854399999999999
0.78501
0.78377
0.78399
0.78199
0.78193
0.78268
0.78264
0.78258
0.78272
0.78242
0.78203
0.7827
0.78255
0.7822
0.78181
0.78178
0.78157
0.78178
0.78178
0.78185
0.78164
0.78397
0.7831199999999999
0.78213
0.78265
0.78413
0.78473
0.7851899999999999
0.78791
0.78705
0.78682
0.78675
0.78982
0.78946
0.78862
0.79118
0.79189
0.7923600000000001
0.79274
0.79271
0.79252
0.79268
0.79377
0.79457
0.79725
0.7956
0.79481
0.7945800000000001
0.79194
0.78998
0.79227
0.79286
0.79423
0.7944
0.7936
0.79298
0.79371
0.7941
0.79482
0.7944399999999999
0.79492
0.79579
0.79603
0.79594
0.79584
0.79633
0.79618
0.79483
0.79335
0.79197
0.79287
0.7942
0.79266
0.7933899999999999
0.79422
0.79277
0.79298
0.79424
0.79448
0.7941600000000001
0.79442
0.79425
0.79435
0.79392
0.7932100000000001
0.79257
0.7924100000000001
0.79245
0.7923899999999999
0.79188
0.79177
0.79064
0.79096
0.7903
0.7913399999999999
0.7915800000000001
0.79166
0.79213
0.79198
0.79295
0.7934399999999999
0.79528
0.79383
0.79276
0.79271
0.79323
0.79313
0.79403
0.79403
0.79419
0.79413
0.7943600000000001
0.79611
0.7963899999999999
0.79599
0.79515
0.79443
0.79309
0.7925399999999999
0.79073
0.79114
0.7928
0.7922899999999999
0.79092
0.79018
0.78963
0.79046
0.79033
0.79009
0.7902600000000001
0.79015
0.78897
0.78938
0.78991
0.78982
0.79018
0.7890699999999999
0.78927
0.78823
0.78784
0.7876
0.78997
0.78803
0.78783
0.7883600000000001
0.7893600000000001
0.78805
0.7872399999999999
0.7872
0.7852399999999999
0.78566
0.78555
0.77946
0.77923
0.77877
0.77854
0.7795
0.77974
0.77823
0.77758
0.77435
0.7751100000000001
0.77485
0.77399
0.7743399999999999
0.77457
0.77404
0.77064
0.77054
0.77163
0.7703300000000001
0.76983
0.76999
0.77063
0.7701399999999999
0.7712899999999999
0.77222
0.77366
0.7732600000000001
0.77272
0.7729199999999999
0.77177
0.77073
0.77042
0.76969
0.7682100000000001
0.7686
0.76823
0.76826
0.7668699999999999
0.76655
0.7677
0.76753
0.76774
0.7671
0.76823
0.76951
0.76664
0.76747
0.7670600000000001
0.76648
0.7662
0.7663800000000001
0.76712
0.76708
0.7671100000000001
0.76698
0.7672399999999999
0.7688
0.76893
0.7692899999999999
0.76884
0.76817
0.76873
0.76795
0.7681399999999999
0.7691600000000001
0.77088
0.7700199999999999
0.76974
0.7683399999999999
0.7655
0.7661
0.76539
0.76515
0.76471
0.76583
0.76653
0.76635
0.7662399999999999
0.76839
0.76769
0.7668699999999999
0.76653
0.7651899999999999
0.76515
0.76556
0.76603
0.76822
0.76755
0.76647
0.7663
0.7670100000000001
0.76523
0.76441
0.76097
0.7620399999999999
0.77645
0.77637
0.78156
0.79548
0.8143699999999999
0.82057
0.81688
0.80786
0.80824
0.80678
0.80057
0.80584
0.8072
0.8069
0.80581
0.8047
0.8153
0.81598
0.81212
0.8134399999999999
0.81417
0.812
0.8222799999999999
0.82226
0.82106
0.82235
0.8224
0.8226600000000001
0.82232
0.82252
0.8256100000000001
0.83049
0.8333299999999999
0.8335
0.83354
0.83249
0.83285
0.8333299999999999
0.8354
0.83514
0.8351
0.83485
0.83373
0.83341
0.83321
0.8323
0.8334
0.8326
0.82973
0.8297700000000001
0.83101
0.83078
0.8321200000000001
0.83088
0.8303799999999999
0.83126
0.8317
0.83052
0.82714
0.8266600000000001
0.82875
0.82936
0.83083
0.8282799999999999
0.82842
0.82909
0.83005
0.82988
0.82924
0.8294799999999999
0.83015
0.8305799999999999
0.8302700000000001
0.83068
0.8301799999999999
0.82993
0.8296399999999999
0.8284
0.82619
0.82591
0.82694
0.82478
0.82483
0.82319
0.82186
0.82214
0.8232299999999999
0.8252
0.8270299999999999
0.8269
0.8265600000000001
0.82747
0.8267100000000001
0.82673
0.8266399999999999
0.82763
0.8284799999999999
0.82849
0.82878
0.82845
0.82814
0.82639
0.82552
0.8254100000000001
0.8280299999999999
0.8270799999999999
0.8254
0.82709
0.82762
0.83604
0.83493
0.8343799999999999
0.83621
0.835
0.83331
0.8350200000000001
0.8346600000000001
0.8325
0.83267
0.8327399999999999
0.8322
0.83204
0.8325
0.8328899999999999
0.83416
0.8344799999999999
0.83447
0.83481
0.83694
0.83649
0.83747
0.8370700000000001
0.8373299999999999
0.8392
0.83952
0.8397100000000001
0.83905
0.8386100000000001
0.83857
0.83795
0.83839
0.83752
0.8375799999999999
0.8381200000000001
0.83801
0.83796
0.83767
0.83711
0.83783
0.83778
0.83885
0.8392299999999999
0.83949
0.83844
0.8370200000000001
0.83831
0.8385100000000001
0.8391200000000001
0.8391299999999999
0.83916
0.83916
0.8393
0.83914
0.8392799999999999
0.8398899999999999
0.83985
0.8397899999999999
0.8398700000000001
0.83985
0.84136
0.8463700000000001
0.8475600000000001
0.8480200000000001
0.8467
0.8484299999999999
0.85009
0.8532700000000001
0.85178
0.85082
0.85006
0.8499700000000001
0.85005
0.8494200000000001
0.84965
0.84991
0.8498100000000001
0.8532
0.85282
0.85388
0.85845
0.85772
0.85726
0.85636
0.8559200000000001
0.85295
0.8546299999999999
0.8541700000000001
0.85349
0.8525200000000001
0.8540700000000001
0.8551
0.85698
0.8577899999999999
0.8566
0.85736
0.8588899999999999
0.85845
0.8586
0.85815
0.85925
0.86005
0.85798
0.8574
0.85664
0.85682
0.85496
0.85469
0.85444
0.85531
0.8533200000000001
0.85383
0.85145
0.85024
0.85155
0.85231
0.85441
0.8557
0.8564799999999999
0.85759
0.85683
0.8571200000000001
0.8568600000000001
0.8563799999999999
0.85715
0.8577
0.8556299999999999
0.8559899999999999
0.85541
0.85525
0.85561
0.85616
0.85611
0.85683
0.8559
0.8557600000000001
0.8528700000000001
0.85267
0.8524
0.85275
0.8528100000000001
0.85175
0.8528100000000001
0.8531799999999999
0.8528600000000001
0.8531200000000001
0.85325
0.85324
0.85367
0.85339
0.8533
0.85264
0.8523700000000001
0.8520399999999999
0.85306
0.85587
0.85656
0.85557
0.85156
0.8525
0.8519899999999999
0.8529
0.8499200000000001
0.8514200000000001
0.8525
0.85106
0.8505
0.8510200000000001
0.8509399999999999
0.85104
0.85172
0.85116
0.8491799999999999
0.8474200000000001
0.8476299999999999
0.84808
0.84729
0.8473200000000001
0.84634
0.84619
0.8441700000000001
0.8433
0.8435
0.84349
0.84349
0.84175
0.83745
0.83496
0.83468
0.83416
0.8345600000000001
0.8347600000000001
0.8350299999999999
0.83486
0.83345
0.83406
0.83163
0.8327200000000001
0.8318200000000001
0.83155
0.8310700000000001
0.83194
0.8329700000000001
0.8344
0.8336899999999999
0.83399
0.83452
0.8344600000000001
0.8362799999999999
0.83829
0.84154
0.8431200000000001
0.8433799999999999
0.8439
0.84445
0.84383
0.84406
0.84501
0.846
0.8461299999999999
0.84486
0.84391
0.84115
0.8417899999999999
0.84152
0.83972
0.8392299999999999
0.83936
0.8397600000000001
0.83925
0.8339200000000001
0.83386
0.8348899999999999
0.83481
0.8326600000000001
0.8336100000000001
0.8354299999999999
0.8349799999999999
0.83388
0.8332200000000001
0.8334600000000001
0.8334
0.83244
0.8299700000000001
0.8294299999999999
0.82804
0.82765
0.8269
0.8297200000000001
0.8290000000000001
0.83285
0.83111
0.8320200000000001
0.83386
0.83173
0.8333299999999999
0.8331799999999999
0.83405
0.8363200000000001
0.84016
0.83909
0.83772
0.83755
0.83711
0.83519
0.83468
0.8352
0.83621
0.83652
0.83595
0.83616
0.8341299999999999
0.8334
0.83339
0.83462
0.8347399999999999
0.83385
0.83494
0.83491
0.8331299999999999
0.83449
0.83472
0.83481
0.83493
0.8353200000000001
0.83542
0.83488
0.83444
0.83493
0.8360700000000001
0.83759
0.83746
0.83772
0.83746
0.83755
0.83795
0.83872
0.8383200000000001
0.8389700000000001
0.8391799999999999
0.8395799999999999
0.83967
0.83899
0.83814
0.8398399999999999
0.84059
0.8413299999999999
0.84198
0.84139
0.8406100000000001
0.8406100000000001
0.8402299999999999
0.8408
0.84183
0.8415100000000001
0.84155
0.8413200000000001
0.8406899999999999
0.8404799999999999
0.83972
0.8380299999999999
0.8352799999999999
0.8348899999999999
0.83621
0.8358399999999999
0.83646
0.8356
0.8354
0.83511
0.8353299999999999
0.83641
0.83375
0.83436
0.8318399999999999
0.83235
0.8310200000000001
0.83193
0.8326600000000001
0.83354
0.83383
0.83399
0.83409
0.83295
0.83229
0.83488
0.83457
0.8345
0.83567
0.83652
0.8362200000000001
0.8334799999999999
0.83239
0.8333299999999999
0.8338399999999999
0.83419
0.83449
0.8338700000000001
0.83347
0.8337100000000001
0.83363
0.8327899999999999
0.83309
0.8331200000000001
0.83339
0.83375
0.83368
0.8325600000000001
0.8327600000000001
0.8357700000000001
0.83816
0.84
0.84098
0.8409
0.841
0.84067
0.8385299999999999
0.8372799999999999
0.8365799999999999
0.8367700000000001
0.8370299999999999
0.8375799999999999
0.83521
0.8352299999999999
0.83541
0.83601
0.83601
0.83567
0.83555
0.83483
0.83525
0.83525
0.83625
0.83681
0.8373200000000001
0.83724
0.83731
0.8360799999999999
0.8362
0.8362
0.8371799999999999
0.83695
0.83683
0.83652
0.8376399999999999
0.83899
0.8392200000000001
0.8387
0.83816
0.8377100000000001
0.8385600000000001
0.83906
0.84099
0.8412200000000001
0.8407100000000001
0.83886
0.83883
0.8384799999999999
0.83725
0.8373700000000001
0.83719
0.83691
0.83606
0.83596
0.8359700000000001
0.83654
0.83645
0.83635
0.83629
0.8356100000000001
0.83578
0.8366
0.8379
0.8375100000000001
0.8377600000000001
0.83749
0.8369700000000001
0.83829
0.8386600000000001
0.8396299999999999
0.84015
0.8391200000000001
0.83867
0.8378
0.8377899999999999
0.8380299999999999
0.8380200000000001
0.83709
0.83568
0.83646
0.8370000000000001
0.83659
0.83655
0.83641
0.83625
0.8368
0.8370000000000001
0.8374299999999999
0.8385299999999999
0.8395100000000001
0.840765
0.8406600000000001
0.84095
0.84215
0.8423200000000001
0.8422200000000001
0.84298
0.8439
0.8445600000000001
0.84416
0.84306
0.84226
0.84203
0.84206
0.8413
0.84145
0.84149
0.84226
0.84121
0.8405
0.8401
0.83995
0.84101
0.8404799999999999
0.84075
0.84072
0.84136
0.84311
0.84388
0.84329
0.8438700000000001
0.8436899999999999
0.8455799999999999
0.84152
0.843
0.8435
0.8438700000000001
0.84488
0.8448700000000001
0.8447600000000001
0.8436600000000001
0.84244
0.8427600000000001
0.84344
0.84355
0.8428700000000001
0.84351
0.84496
0.84701
0.84757
0.8468399999999999
0.8459700000000001
0.8457399999999999
0.8461299999999999
0.84601
0.8462
0.8462700000000001
0.84657
0.84657
0.84688
0.8466799999999999
0.84675
0.84695
0.8466299999999999
0.8468200000000001
0.84688
0.84688
0.84701
0.8473
0.8474299999999999
0.84705
0.84804
0.84591
0.84585
0.8452700000000001
0.84336
0.8440700000000001
0.84334
0.8429399999999999
0.8411700000000001
0.8416899999999999
0.84099
0.84059
0.8409200000000001
0.8403200000000001
0.84067
0.8408
0.84116
0.8415100000000001
0.8412299999999999
0.8413799999999999
0.84175
0.84155
0.8418700000000001
0.8423700000000001
0.8402700000000001
0.83901
0.83836
0.8386600000000001
0.8394799999999999
0.8395299999999999
0.83946
0.83849
0.83791
0.8375600000000001
0.8369
0.8372299999999999
0.83724
0.83668
0.8367700000000001
0.83665
0.8357100000000001
0.83593
0.83572
0.83572
0.83604
0.8364799999999999
0.83749
0.83734
0.83772
0.83716
0.83554
0.84519
0.84596
0.8484299999999999
0.8484299999999999
0.8477399999999999
0.8483200000000001
0.84901
0.84901
0.8479200000000001
0.8483700000000001
0.84849
0.84839
0.8482799999999999
0.84801
0.8478899999999999
0.8478100000000001
0.8478
0.84782
0.84814
0.84844
0.8482200000000001
0.8478100000000001
0.8476799999999999
0.84749
0.8471299999999999
0.84785
0.84904
0.8478100000000001
0.8477299999999999
0.8479399999999999
0.84783
0.8479
0.84793
0.8481
0.84719
0.84735
0.8475299999999999
0.84815
0.84835
0.84824
0.84885
0.84936
0.8496600000000001
0.8504700000000001
0.84846
0.8485
0.84954
0.8493200000000001
0.8494700000000001
0.84929
0.8494
0.84983
0.8498100000000001
0.84998
0.84972
0.8497100000000001
0.8499700000000001
0.85025
0.85126
0.85264
0.8531
0.85306
0.8528
0.8530200000000001
0.85305
0.85277
0.85265
0.85369
0.85444
0.8539200000000001
0.85387
0.85541
0.85554
0.85446
0.85434
0.8539200000000001
0.8545200000000001
0.8545
0.8546100000000001
0.85496
0.85467
0.8546799999999999
0.85303
0.8533200000000001
0.85296
0.8533299999999999
0.8532700000000001
0.85364
0.85409
0.8551
0.8544700000000001
0.8558399999999999
0.85535
0.85487
0.85534
0.85609
0.8575299999999999
0.85893
0.8590000000000001
0.8590700000000001
0.8591799999999999
0.8589700000000001
0.85865
0.8590399999999999
0.8591200000000001
0.8591799999999999
0.85926
0.8589399999999999
0.85846
0.85882
0.85854
0.8587100000000001
0.8581799999999999
0.8588
0.86013
0.8599
0.8591
0.8587299999999999
0.86031
0.85972
0.861
0.86182
0.8610899999999999
0.8600700000000001
0.85961
0.85941
0.8596600000000001
0.85939
0.85961
0.85962
0.85944
0.85887
0.85857
0.85869
0.8586600000000001
0.85855
0.8596
0.8602700000000001
0.8607299999999999
0.8611
0.8605700000000001
0.86049
0.86065
0.86225
0.86321
0.8640000000000001
0.8646
0.8648100000000001
0.86479
0.8639
0.8644700000000001
0.86444
0.8630200000000001
0.86292
0.8628100000000001
0.86326
0.86359
0.86336
0.86364
0.8643799999999999
0.8648600000000001
0.86467
0.8660899999999999
0.8675299999999999
0.86839
0.86924
0.86951
0.8692700000000001
0.86845
0.86834
0.86845
0.8683200000000001
0.86806
0.86793
0.86777
0.86785
0.8678100000000001
0.8678
0.8674799999999999
0.86746
0.868
0.86951
0.87135
0.8695200000000001
0.8680700000000001
0.86856
0.86954
0.8703
0.8684200000000001
0.8682200000000001
0.8675799999999999
0.8655799999999999
0.86459
0.86461
0.86488
0.86472
0.86441
0.8643799999999999
0.86515
0.86511
0.8644700000000001
0.86482
0.86487
0.8648600000000001
0.86411
0.8638600000000001
0.86511
0.86515
0.8650100000000001
0.8652
0.86661
0.8662200000000001
0.8658600000000001
0.86616
0.8664
0.8663200000000001
0.86605
0.865
0.86534
0.8656
0.86539
0.86556
0.86611
0.8658299999999999
0.8650100000000001
0.8656799999999999
0.86634
0.86626
0.86619
0.86606
0.8664700000000001
0.8629
0.8595799999999999
0.86031
0.8612799999999999
0.86041
0.86088
0.8613
0.8614
0.86221
0.86249
0.8632200000000001
0.86288
0.86229
0.86208
0.8621200000000001
0.8620700000000001
0.8624299999999999
0.8629100000000001
0.863
0.8625799999999999
0.8624200000000001
0.8625299999999999
0.8624299999999999
0.8631
0.86216
0.8623299999999999
0.86187
0.86321
0.86546
0.8680100000000001
0.8668600000000001
0.86672
0.8673200000000001
0.8660899999999999
0.8658100000000001
0.8659
0.86555
0.8649899999999999
0.8648299999999999
0.8647299999999999
0.8647799999999999
0.8649
0.8647799999999999
0.8644
0.8637600000000001
0.8624799999999999
0.86167
0.86265
0.86261
0.8624
0.86349
0.8627799999999999
0.86164
0.8613799999999999
0.86182
0.8618899999999999
0.862
0.86175
0.86162
0.86155
0.86172
0.8618399999999999
0.86208
0.86234
0.86244
0.86205
0.8615799999999999
0.86108
0.86031
0.85939
0.85965
0.8593799999999999
0.8598600000000001
0.85995
0.8590899999999999
0.85898
0.85834
0.8577600000000001
0.8579700000000001
0.8568399999999999
0.85665
0.8568600000000001
0.85636
0.85639
0.8565200000000001
0.8570200000000001
0.85749
0.8572200000000001
0.8570200000000001
0.8573200000000001
0.8567799999999999
0.8574299999999999
0.8569
0.8549100000000001
0.85315
0.8523799999999999
0.8514799999999999
0.85072
0.8501
0.84906
0.84991
0.8504299999999999
0.85119
0.8511799999999999
0.85139
0.85135
0.8511200000000001
0.8512
0.85106
0.85067
0.85064
0.85156
0.85236
0.85215
0.85236
0.8526
0.85282
0.85345
0.85385
0.8548899999999999
0.8556
0.85585
0.85572
0.85509
0.85536
0.85545
0.85561
0.8561799999999999
0.85556
0.85541
0.8554700000000001
0.85559
0.8555200000000001
0.85488
0.8551200000000001
0.85509
0.8548100000000001
0.8547100000000001
0.8548
0.8549200000000001
0.85377
0.8541
0.8549
0.85554
0.85521
0.855
0.85462
0.8543200000000001
0.8535200000000001
0.85383
0.85349
0.8527299999999999
0.85226
0.85229
0.85325
0.8532799999999999
0.8533
0.8534
0.85359
0.8535799999999999
0.85424
0.85415
0.8539100000000001
0.8536600000000001
0.8542299999999999
0.8543200000000001
0.85457
0.8543200000000001
0.85405
0.85415
0.8543799999999999
0.8541700000000001
0.8532200000000001
0.8534799999999999
0.8536100000000001
0.85351
0.85349
0.85357
0.8534299999999999
0.8533299999999999
0.85408
0.85364
0.8537
0.85375
0.85436
0.85424
0.8543
0.85388
0.8534
0.85221
0.85172
0.85083
0.8506799999999999
0.8514299999999999
0.8521200000000001
0.8518899999999999
0.85157
0.8518700000000001
0.8520399999999999
0.85172
0.8519399999999999
0.85209
0.85206
0.85209
0.85129
0.85101
0.8512200000000001
0.85134
0.85101
0.85025
0.8479700000000001
0.8482799999999999
0.8483200000000001
0.8477899999999999
0.8487899999999999
0.85062
0.8492
0.8498600000000001
0.84936
0.8492700000000001
0.84949
0.84962
0.8494200000000001
0.8490200000000001
0.8490200000000001
0.8491200000000001
0.84919
0.84946
0.8489399999999999
0.8486
0.84834
0.8484
0.8481
0.8475
0.84165
0.84111
0.84178
0.8417899999999999
0.8405100000000001
0.8397899999999999
0.8411200000000001
0.84185
0.84319
0.8435299999999999
0.84388
0.8440000000000001
0.84404
0.8432700000000001
0.84336
0.84345
0.84362
0.84286
0.8428899999999999
0.84326
0.84344
0.84315
0.843
0.8434200000000001
0.8427399999999999
0.8425299999999999
0.84272
0.84362
0.84278
0.8401
0.8385100000000001
0.8389700000000001
0.8388
0.83878
0.83934
0.8394
0.83906
0.83924
0.8391700000000001
0.8388100000000001
0.83862
0.83841
0.83906
0.8391799999999999
0.84005
0.83699
0.83719
0.8375100000000001
0.8376399999999999
0.8371299999999999
0.83625
0.83798
0.83762
0.83752
0.83791
0.8381200000000001
0.83819
0.8379700000000001
0.83759
0.8378200000000001
0.83814
0.8375799999999999
0.8373700000000001
0.83739
0.8372700000000001
0.83704
0.83662
0.8365799999999999
0.83655
0.8370200000000001
0.83715
0.8374299999999999
0.8364
0.83588
0.83568
0.8372200000000001
0.83636
0.8367600000000001
0.8377100000000001
0.8378899999999999
0.83768
0.83788
0.8377399999999999
0.83765
0.8382700000000001
0.8383
0.8378700000000001
0.83854
0.83862
0.83906
0.8390000000000001
0.8387600000000001
0.83859
0.8390299999999999
0.8403299999999999
0.8409399999999999
0.84078
0.8403799999999999
0.84096
0.84096
0.84199
0.84277
0.84303
0.8429
0.84296
0.84273
0.8426100000000001
0.84267
0.84262
0.8426
0.8424299999999999
0.8425600000000001
0.8428
0.8428
0.84286
0.8437100000000001
0.84346
0.8440000000000001
0.84378
0.84516
0.84524
0.8465799999999999
0.8484
0.8476299999999999
0.8466799999999999
0.8461200000000001
0.8457100000000001
0.8462299999999999
0.84636
0.84652
0.8468
0.84704
0.846975
0.8466799999999999
0.8464
0.84634
0.84645
0.84625
0.8462200000000001
0.8466799999999999
0.84725
0.84739
0.84778
0.8471200000000001
0.84629
0.84564
0.8447600000000001
0.8455799999999999
0.8458600000000001
0.8453
0.84554
0.8461700000000001
0.8458899999999999
0.8459899999999999
0.84731
0.8475299999999999
0.84709
0.84726
0.84714
0.84678
0.84734
0.8476
0.84719
0.8466899999999999
0.84614
0.84572
0.84491
0.8449
0.8433200000000001
0.8435299999999999
0.84352
0.8436299999999999
0.8430700000000001
0.8423700000000001
0.8423299999999999
0.8424
0.84252
0.8426799999999999
0.8427600000000001
0.8428399999999999
0.84277
0.8426100000000001
0.84229
0.8423700000000001
0.8430799999999999
0.8430799999999999
0.8434799999999999
0.84515
0.84652
0.84749
0.8486799999999999
0.85044
0.8518899999999999
0.85298
0.85208
0.85055
0.8501799999999999
0.85
0.85003
0.8502200000000001
0.8501200000000001
0.85026
0.85115
0.85093
0.8506
0.8504700000000001
0.85056
0.85039
0.84995
0.84962
0.8495299999999999
0.8501700000000001
0.8501200000000001
0.85035
0.85085
0.8525
0.8535799999999999
0.8533299999999999
0.85339
0.85119
0.85021
0.8498100000000001
0.8498899999999999
0.8494700000000001
0.84844
0.8481799999999999
0.84791
0.84816
0.8482200000000001
0.84829
0.8481799999999999
0.8487100000000001
0.84936
0.8489200000000001
0.8499
0.8497399999999999
0.8494
0.85019
0.85245
0.85203
0.85149
0.85124
0.85088
0.8508600000000001
0.85054
0.84926
0.84924
0.8489
0.84905
0.84906
0.84955
0.84924
0.8492299999999999
0.84946
0.84919
0.8491700000000001
0.84935
0.85055
0.8507399999999999
0.8507299999999999
0.85221
0.85195
0.85185
0.85209
0.8525299999999999
0.8531
0.8530399999999999
0.85567
0.857
0.8572
0.8576799999999999
0.8569
0.85644
0.8563700000000001
0.8563799999999999
0.85641
0.8562700000000001
0.85596
0.85464
0.85393
0.85583
0.8552299999999999
0.8553700000000001
0.8547799999999999
0.85441
0.85554
0.85614
0.85662
0.85729
0.85762
0.85741
0.85772
0.85755
0.8572700000000001
0.85708
0.85711
0.8568100000000001
0.8564799999999999
0.85654
0.85675
0.8568899999999999
0.8569899999999999
0.85869
0.86001
0.8598299999999999
0.86149
0.8622799999999999
0.8622
0.8625
0.8624299999999999
0.86155
0.86029
0.86059
0.8601
0.85926
0.8589700000000001
0.85869
0.85865
0.8587100000000001
0.8591799999999999
0.85811
0.85877
0.85913
0.85915
0.85813
0.85831
0.8586600000000001
0.8593700000000001
0.85831
0.85767
0.8577100000000001
0.8577299999999999
0.85844
0.85869
0.85967
0.86
0.85959
0.85944
0.85883
0.8583
0.85826
0.85839
0.8585799999999999
0.8584200000000001
0.8582200000000001
0.858
0.8577799999999999
0.85795
0.85813
0.85854
0.85955
0.85962
0.8590200000000001
0.86064
0.85987
0.85972
0.8586
0.8579
0.85795
0.8580700000000001
0.85711
0.85713
0.8567
0.8569100000000001
0.8569200000000001
0.85708
0.85677
0.85669
0.85777
0.8575799999999999
0.85865
0.85869
0.85864
0.8592799999999999
0.86074
0.86087
0.8615700000000001
0.86359
0.8651399999999999
0.8651399999999999
0.86646
0.8659600000000001
0.8656799999999999
0.86593
0.86716
0.86713
0.8662
0.86592
0.8658
0.8652200000000001
0.8652
0.8652299999999999
0.86508
0.86519
0.8669
0.8680899999999999
0.86911
0.86892
0.8690000000000001
0.86993
0.87087
0.86908
0.86841
0.86846
0.86793
0.86775
0.8680399999999999
0.8678
0.86726
0.86725
0.86729
0.86734
0.8677799999999999
0.8669100000000001
0.86629
0.8663
0.86631
0.86659
0.8658100000000001
0.8662299999999999
0.86695
0.86818
0.86818
0.86711
0.8637600000000001
0.8640899999999999
0.8624200000000001
0.8622200000000001
0.86139
0.8619399999999999
0.86188
0.86211
0.8619100000000001
0.8613
0.8614200000000001
0.8617799999999999
0.86219
0.86206
0.8619399999999999
0.86206
0.8622200000000001
0.86172
0.86101
0.8595799999999999
0.86182
0.8633299999999999
0.86231
0.86121
0.8624200000000001
0.86166
0.86172
0.86154
0.8614799999999999
0.86177
0.8613299999999999
0.8613700000000001
0.8616
0.86155
0.86154
0.8603799999999999
0.8606299999999999
0.86093
0.86188
0.86211
0.8624799999999999
0.8624
0.8618399999999999
0.86169
0.86255
0.8634700000000001
0.86305
0.86169
0.86174
0.86179
0.86351
0.86574
0.86531
0.86459
0.86472
0.86469
0.8652
0.8652
0.86524
0.86521
0.86579
0.86519
0.8652799999999999
0.8648399999999999
0.8648399999999999
0.86505
0.86524
0.8633
0.86275
0.8627
0.86115
0.86121
0.8612200000000001
0.86288
0.86472
0.8638899999999999
0.86487
0.86566
0.8658
0.8659100000000001
0.8665
0.86835
0.86835
0.86867
0.86784
0.8681200000000001
0.86795
0.869125
0.8729600000000001
0.8731700000000001
0.87182
0.8727299999999999
0.87285
0.87325
0.87375
0.8739600000000001
0.87344
0.8731
0.8721899999999999
0.87197
0.87239
0.8726700000000001
0.87318
0.8726299999999999
0.8721899999999999
0.87208
0.8725200000000001
0.87326
0.873
0.87218
0.87161
0.87241
0.8746799999999999
0.8745200000000001
0.8752
0.87526
0.87579
0.87549
0.8744700000000001
0.87423
0.87624
0.87882
0.8792
0.8792
0.87977
0.88041
0.8806
0.8802200000000001
0.8801899999999999
0.88055
0.8805
0.88087
0.88081
0.8810100000000001
0.8806200000000001
0.8829899999999999
0.8823
0.8816299999999999
0.8821
0.8819299999999999
0.8815700000000001
0.88085
0.8792399999999999
0.87905
0.8784
0.87879
0.87902
0.8794200000000001
0.87933
0.8791100000000001
0.8790100000000001
0.87902
0.8788299999999999
0.8787799999999999
0.8791899999999999
0.8798600000000001
0.87965
0.88054
0.88054
0.88084
0.87995
0.8801
0.87897
0.87956
0.8826700000000001
0.8844700000000001
0.8843200000000001
0.88382
0.8829600000000001
0.8824
0.8828299999999999
0.88339
0.8837200000000001
0.88408
0.88341
0.8834
0.90133
0.8953399999999999
0.89933
0.8951899999999999
0.89486
0.89374
0.8924200000000001
0.8924200000000001
0.89285
0.8938799999999999
0.89886
0.90298
0.90159
0.90261
0.90275
0.8984
0.89874
0.89746
0.8969
0.89817
0.89956
0.90046
0.9001600000000001
0.90022
0.9006700000000001
0.90224
0.90216
0.90175
0.90235
0.90227
0.90102
0.8998200000000001
0.8996299999999999
0.8987700000000001
0.90056
0.9012
0.90205
0.90031
0.9004700000000001
0.90085
0.90138
0.90142
0.90089
0.90066
0.90099
0.90155
0.90192
0.90345
0.90357
0.90345
0.9034
0.9036
0.90336
0.90437
0.90386
0.90355
0.90346
0.90346
0.90165
0.90073
0.90329
0.90526
0.90592
0.91202
0.91092
0.91155
0.91123
0.91234
0.90601
0.90292
0.90046
0.9001600000000001
0.89922
0.89864
0.89802
0.89894
0.90069
0.90151
0.8985
0.89915
0.8981299999999999
0.8992
0.9003399999999999
0.9034
0.90265
0.90247
0.90213
0.90121
0.90132
0.90193
0.90155
0.90198
0.90236
0.90329
0.90338
0.9044
0.90459
0.90499
0.90407
0.90396
0.90487
0.90537
0.90407
0.90317
0.90405
0.90401
0.90439
0.90429
0.90447
0.90452
0.90335
0.9013
0.90187
0.90205
0.90234
0.90214
0.90276
0.90279
0.90345
0.90225
0.90237
0.9023
0.90273
0.90385
0.90349
0.90267
0.90302
0.90193
0.90044
0.89984
0.8999299999999999
0.90161
0.9022
0.90216
0.90143
0.90087
0.90168
0.90127
0.9002899999999999
0.90107
0.90208
0.90225
0.90223
0.90272
0.90346
0.90273
0.90153
0.90253
0.90317
0.9033
0.90478
0.90486
0.90392
0.90456
0.90242
0.90211
0.90228
0.90175
0.90259
0.90295
0.90251
0.9028
0.90145
0.90035
0.89985
0.90069
0.90114
0.90141
0.90072
0.9004
0.89922
0.89965
0.8996299999999999
0.8968799999999999
0.8964799999999999
0.8955700000000001
0.89344
0.89275
0.8922200000000001
0.89361
0.89285
0.893
0.89323
0.89304
0.8925299999999999
0.8926
0.89265
0.89226
0.89389
0.89413
0.89413
0.8942899999999999
0.89435
0.89494
0.8947
0.8936299999999999
0.893
0.89402
0.8930299999999999
0.89223
0.89146
0.8906799999999999
0.8920799999999999
0.89356
0.89387
0.89354
0.8934
0.8932700000000001
0.8927799999999999
0.8932
0.89315
0.89292
0.89259
0.8924799999999999
0.8928
0.89287
0.89318
0.8930100000000001
0.8935200000000001
0.8941100000000001
0.8944
0.8942100000000001
0.8953899999999999
0.8971100000000001
0.89528
0.8932200000000001
0.89239
0.8918299999999999
0.89189
0.89181
0.8921399999999999
0.89164
0.8916299999999999
0.89175
0.8916299999999999
0.89181
0.89112
0.89084
0.89085
0.8909
0.8909299999999999
0.8905
0.8897799999999999
0.88961
0.8906799999999999
0.89089
0.89187
0.89318
0.8922200000000001
0.89095
0.8906200000000001
0.88938
0.88856
0.88882
0.88984
0.8899799999999999
0.8905799999999999
0.8907200000000001
0.89075
0.89084
0.89076
0.89065
0.89089
0.8894700000000001
0.8901399999999999
0.88951
0.88971
0.8901
0.8901399999999999
0.89041
0.89074
0.8918
0.89199
0.89097
0.89025
0.88989
0.8890100000000001
0.8894
0.8899299999999999
0.88961
0.8897
0.89012
0.89013
0.88995
0.8900100000000001
0.8901399999999999
0.89008
0.88964
0.89023
0.88999
0.8896
0.88959
0.8900899999999999
0.89565
0.89679
0.8951899999999999
0.89343
0.89407
0.89413
0.89318
0.89346
0.89341
0.89376
0.894
0.8942100000000001
0.8943200000000001
0.89499
0.89515
0.8950799999999999
0.89494
0.8952700000000001
0.89541
0.89445
0.89464
0.8947799999999999
0.89423
0.8943399999999999
0.89439
0.89341
0.89218
0.8924
0.8921899999999999
0.89185
0.89154
0.8909
0.8908
0.8913399999999999
0.89144
0.8916799999999999
0.8920100000000001
0.8919
0.89225
0.8924
0.89246
0.8927200000000001
0.89355
0.8919100000000001
0.89276
0.8915700000000001
0.89161
0.89274
0.8938799999999999
0.89587
0.8965200000000001
0.89507
0.8946299999999999
0.89536
0.8955299999999999
0.89555
0.8955799999999999
0.89575
0.89569
0.8956799999999999
0.8953200000000001
0.89535
0.89495
0.8952899999999999
0.89586
0.8969
0.8965799999999999
0.89644
0.8979299999999999
0.8987
0.9002899999999999
0.89941
0.8978
0.8988
0.89964
0.9000299999999999
0.9000100000000001
0.90066
0.90089
0.90116
0.8999299999999999
0.8998200000000001
0.8998799999999999
0.89986
0.89975
0.89965
0.8998200000000001
0.8998700000000001
0.89931
0.8995299999999999
0.8997
0.90036
0.89961
0.90023
0.90018
0.89965
0.8977299999999999
0.8973
0.8968700000000001
0.8968700000000001
0.8968299999999999
0.89676
0.89645
0.89655
0.89718
0.89702
0.89615
0.8962200000000001
0.89638
0.8963899999999999
0.8970799999999999
0.8970899999999999
0.8959600000000001
0.89751
0.89812
0.89902
0.90167
0.90161
0.90269
0.90218
0.90364
0.90347
0.90353
0.90333
0.90321
0.90287
0.90326
0.9032
0.90343
0.9038
0.90441
0.90439
0.90429
0.904
0.90359
0.90336
0.90389
0.90339
0.90313
0.90152
0.8997799999999999
0.9003200000000001
0.90116
0.90286
0.90285
0.90263
0.90294
0.90242
0.90245
0.90161
0.90201
0.90184
0.90158
0.90121
0.90175
0.90144
0.90161
0.90114
0.90111
0.90082
0.8998
0.89905
0.8936700000000001
0.89139
0.88695
0.8880299999999999
0.88956
0.8918299999999999
0.89139
0.89138
0.89197
0.8915299999999999
0.89125
0.8910399999999999
0.89094
0.89056
0.8897299999999999
0.88984
0.8891899999999999
0.88918
0.8897799999999999
0.8900399999999999
0.89051
0.89018
0.8902399999999999
0.88925
0.88897
0.88845
0.8887299999999999
0.8880600000000001
0.8880600000000001
0.8869
0.88781
0.88845
0.88907
0.88915
0.8896
0.88923
0.88925
0.88913
0.8890600000000001
0.8892899999999999
0.8900899999999999
0.89015
0.8904700000000001
0.89143
0.89186
0.8917200000000001
0.89095
0.89065
0.8900600000000001
0.89065
0.8907
0.88992
0.89045
0.89049
0.8904299999999999
0.89023
0.8904700000000001
0.8906799999999999
0.8911100000000001
0.8906299999999999
0.8904
0.8902899999999999
0.89056
0.89092
0.8910399999999999
0.8905299999999999
0.8897799999999999
0.8895299999999999
0.8895799999999999
0.88989
0.8900100000000001
0.89092
0.89112
0.89285
0.8919799999999999
0.8909799999999999
0.89084
0.8890899999999999
0.88915
0.88955
0.89046
0.89008
0.8897700000000001
0.88984
0.88987
0.8945
0.8976
0.8987700000000001
0.9002600000000001
0.9001399999999999
0.8981299999999999
0.89513
0.8925700000000001
0.8925700000000001
0.8917299999999999
0.8902100000000001
0.8902399999999999
0.88649
0.88344
0.8781100000000001
0.87875
0.88131
0.87941
0.87861
0.87823
0.8788
0.87933
0.87859
0.8797299999999999
0.88179
0.88123
0.8806700000000001
0.88059
0.88113
0.8793799999999999
0.8782200000000001
0.87834
0.87976
0.87969
0.87651
0.8767799999999999
0.87324
0.8726700000000001
0.8689100000000001
0.86856
0.8684200000000001
0.8668899999999999
0.8673200000000001
0.868055
0.8676
0.86765
0.8679
0.86808
0.8683
0.86805
0.868
0.8680100000000001
0.86819
0.86769
0.86619
0.8614299999999999
0.85841
0.8611
0.8608399999999999
0.86269
0.8629100000000001
0.86251
0.8624
0.86024
0.8613700000000001
0.8606799999999999
0.8609100000000001
0.86113
0.86114
0.8609399999999999
0.8602299999999999
0.8596
0.8597299999999999
0.8588899999999999
0.8596
0.86105
0.86116
0.8604299999999999
0.8604299999999999
0.8598100000000001
0.8596600000000001
0.8595
0.85982
0.86001
0.8604700000000001
0.8599399999999999
0.86001
0.8592200000000001
0.8592799999999999
0.85936
0.85914
0.85869
0.8598
0.8612299999999999
0.86095
0.8607150000000001
0.8608399999999999
0.8612
0.8617299999999999
0.86265
0.86545
0.86908
0.86867
0.86787
0.8670399999999999
0.86519
0.8643299999999999
0.866
0.8643
0.86341
0.86285
0.8593
0.8609399999999999
0.8612299999999999
0.8612
0.86151
0.8614700000000001
0.86182
0.86134
0.8619600000000001
0.86187
0.86192
0.8612
0.85885
0.8587600000000001
0.86014
0.85988
0.8611700000000001
0.8607100000000001
0.86095
0.85954
0.8592
0.85831
0.8594700000000001
0.8589100000000001
0.85829
0.8587899999999999
0.8590700000000001
0.85962
0.85992
0.86092
0.8615299999999999
0.86154
0.8616
0.86049
0.8608899999999999
0.8607899999999999
0.8605200000000001
0.8601
0.8594799999999999
0.8597799999999999
0.86035
0.8598899999999999
0.8598600000000001
0.8594
0.8583
0.85634
0.85536
0.85559
0.85575
0.85556
0.85531
0.8554700000000001
0.8558899999999999
0.8551799999999999
0.8548899999999999
0.8551
0.8549200000000001
0.8549100000000001
0.8550399999999999
0.85493
0.85515
0.85359
0.8541200000000001
0.8547899999999999
0.8547899999999999
0.85787
0.86169
0.85985
0.8591200000000001
0.85888
0.8590200000000001
0.85829
0.85815
0.85703
0.85735
0.85851
0.8584
0.85916
0.8589200000000001
0.85867
0.8587799999999999
0.85935
0.85962
0.8616
0.8628299999999999
0.86155
0.85987
0.8581200000000001
0.85349
0.8521299999999999
0.8506299999999999
0.8512799999999999
0.8497
0.8497600000000001
0.85046
0.84998
0.8508399999999999
0.8507100000000001
0.85115
0.8512200000000001
0.8509200000000001
0.8504799999999999
0.85069
0.85105
0.85059
0.85051
0.8506600000000001
0.85151
0.85256
0.85444
0.85421
0.85326
0.85449
0.85514
0.8540399999999999
0.8534
0.85557
0.8557100000000001
0.8561200000000001
0.8556
0.85569
0.8553200000000001
0.85575
0.85583
0.85554
0.85545
0.85559
0.85565
0.8562799999999999
0.8567
0.8569899999999999
0.85611
0.8568
0.85762
0.85783
0.85657
0.8539899999999999
0.85216
0.85035
0.84862
0.8477
0.84731
0.84734
0.8483200000000001
0.8482799999999999
0.8484700000000001
0.84836
0.8478100000000001
0.8474
0.84736
0.84703
0.84754
0.8478600000000001
0.848
0.8476899999999999
0.8486299999999999
0.84949
0.8476299999999999
0.8473
0.8483
0.84793
0.8476799999999999
0.84729
0.8485
0.84772
0.84724
0.84731
0.84744
0.84755
0.8475799999999999
0.8479899999999999
0.84811
0.8475
0.84859
0.84877
0.84875
0.8491799999999999
0.8491799999999999
0.8506299999999999
0.85244
0.85114
0.85004
0.8503299999999999
0.85126
0.85209
0.8536299999999999
0.85269
0.85108
0.8504299999999999
0.8508100000000001
0.8504200000000001
0.8494200000000001
0.8491
0.8507399999999999
0.8521
0.8525799999999999
0.85119
0.8518700000000001
0.85234
0.85211
0.8523799999999999
0.8526100000000001
0.85354
0.8555799999999999
0.85515
0.85431
0.8523299999999999
0.85221
0.8533200000000001
0.85257
0.8527100000000001
0.85288
0.8531799999999999
0.85396
0.85477
0.85451
0.8551
0.8552700000000001
0.8550700000000001
0.85493
0.8547299999999999
0.8548399999999999
0.85485
0.8546600000000001
0.85429
0.8545799999999999
0.8514700000000001
0.85054
0.8498600000000001
0.84877
0.8483
0.84749
0.84904
0.84916
0.85024
0.85152
0.85125
0.85183
0.85245
0.8523200000000001
0.85236
0.85275
0.85256
0.8530200000000001
0.85241
0.8516600000000001
0.85198
0.852
0.8521700000000001
0.85203
0.85209
0.85536
0.8568399999999999
0.85429
0.85256
0.851205
0.85146
0.84695
0.8478
0.84825
0.8475299999999999
0.8472700000000001
0.84675
0.84662
0.8466100000000001
